0,0,12,13,14,15,16
0,0,12,13,14,15,16+23
0,0,12,13,14,15+23,16+24
0,0,-12,13,14,15,16+25+34
0,0,12,13,14+23,15+24,16+34
0,0,12,13,14+23,15+24,16+25
0,0,[1-lambda]*12,13,[lambda]*14+23,15+24,16+25+34
0,0,-12,13,14,15,25+34
0,0,-12,13,14,15+23,25+34
0,0,-12,13,14+23,15+24,25+34
0,0,12,13,23,14,16
0,0,12,13,23,14,16+25
0,0,-12,13,23,14,26+34
0,0,12,13,23,15+24,16+34
0,0,-12,13,23,14+25,26+34
0,0,-12,-13,23,14+25,26+34
0,0,-12,13,23,15+24,14+26+35
0,0,12,13,23,14,25
0,0,12,13,23,14,15+24
0,0,12,13,23,15+24,14+25
0,0,12,-13,23,-15+24,14+25
0,0,0,12,14,15,16
0,0,0,12,14,15,16+23
0,0,0,12,14,15,16+24
0,0,0,-12,14,15,26+45
0,0,0,-12,14,15+23,16+34
0,0,0,-12,14,15+23,26+45
0,0,0,-12,14,15,13+26+45
0,0,0,12,14,15+24,16+25
0,0,0,-12,14,15+24,26+45
0,0,0,-12,14,15+23,13+26+45
0,0,0,-12,14,15+24,13+26+45
0,0,0,-12,14+23,15+34,16+35
0,0,0,-12,14+23,15+34,16+24+35
0,0,0,12,14,24,15
0,0,0,12,14,13+24,15
0,0,0,12,14,24,15+23
0,0,0,12,14,13+24,15+23
0,0,0,12,13+24,14,25+34
0,0,0,-12,14+23,13+24,15+34
0,0,0,-12,-14+23,13+24,15+34
0,0,0,12,14,24,15+26
0,0,0,12,-14,24,15+26
0,0,0,12,14,24,16+25
0,0,0,12,14,13+24,16+25
0,0,0,12,14+23,13+24,15+26
0,0,0,12,-14+23,13+24,15+26
0,0,0,12,13+24,14+23,15+26
0,0,0,12,-13+24,14+23,15+26
0,0,0,12,14,13+24,15+26+34
0,0,0,12,-14,13+24,15+26+34
0,0,0,[-1+A]*12,14+23,[A]*13+24,15+26+34
0,0,0,[-1+A]*12,-14+23,[A]*13+24,15+26+34
0,0,0,12,13,14,16
0,0,0,12,13,24,26
0,0,0,12,13,14,16+23
0,0,0,12,13,14,16+24
0,0,0,12,13,24,14+26
0,0,0,12,13,14,16+35
0,0,0,12,13,24,26+35
0,0,0,12,13,24,15+26
0,0,0,-12,13,14+23,16+34
0,0,0,12,13,14+23,16+25
0,0,0,12,13,14,16+24+35
0,0,0,-12,13,14,16+24+35
0,0,0,12,13,14,16+25+34
0,0,0,12,13,24,14+26+35
0,0,0,[-1+lambda]*12,[lambda]*13,14+23,16+25+34
0,0,0,12,13,14,24
0,0,0,12,13,24,14+23
0,0,0,12,13,14,15
0,0,0,12,13,24,15
0,0,0,12,13,24,35
0,0,0,12,13,14,15+23
0,0,0,12,13,24,15+23
0,0,0,12,13,14,15+24
0,0,0,12,13,14,24+35
0,0,0,-12,13,14,24+35
0,0,0,12,13,14,25+34
0,0,0,12,13,24,14+35
0,0,0,12,13,24,25+34
0,0,0,12,13,14+23,15+24
0,0,0,12,13,14+23,24+35
0,0,0,-12,13,14+23,24+35
0,0,0,12,13,14+23,25+34
0,0,0,12,13,15+24,14+35
0,0,0,12,13,15+24,25+34
0,0,0,12,13,25+34,24+35
0,0,0,-12,13,-25+34,24+35
0,0,0,12,13,23,14
0,0,0,12,13,23,15+24
0,0,0,12,13,23,24+35
0,0,0,-12,13,23,24+35
0,0,0,12,13,23,25+34
0,0,0,12,13,23,15+24+36
0,0,0,[-1+lambda]*12,[lambda]*13,23,16+25+34
0,0,0,0,12,15,16
0,0,0,0,12,15,16+34
0,0,0,0,12,15,16+23
0,0,0,0,12,15,16+25
0,0,0,0,12,15,16+25+34
0,0,0,0,-12,15+23,16+35
0,0,0,0,12,13+25,14+26+35
0,0,0,0,12,15,25
0,0,0,0,12,15,13+25
0,0,0,0,12,15,25+34
0,0,0,0,12,15+23,13+25
0,0,0,0,12,-15+23,13+25
0,0,0,0,12,13+25,15+34
0,0,0,0,12,15+23,14+25
0,0,0,0,12,13,15
0,0,0,0,12,13,25
0,0,0,0,12,34,15
0,0,0,0,12,13,15+23
0,0,0,0,12,13,15+34
0,0,0,0,12,13,25+34
0,0,0,0,12,13+24,15
0,0,0,0,12,34,13+25
0,0,0,0,12,13,14+25
0,0,0,0,12,13,15+24
0,0,0,0,12,13+24,15+34
0,0,0,0,12,14+23,13+25
0,0,0,0,12,13,16+25
0,0,0,0,12,13,25+36
0,0,0,0,-12,13,25+36
0,0,0,0,12,13,26+35
0,0,0,0,12,13,14+25+36
0,0,0,0,-12,13,14+25+36
0,0,0,0,12,13,15+24+36
0,0,0,0,12,13,14+26+35
0,0,0,0,12,34,15+36
0,0,0,0,-12,14+23,16+35
0,0,0,0,12,34,13+25+46
0,0,0,0,14+23,13+24,15+26
0,0,0,0,-14+23,13+24,15+26
0,0,0,0,12,13+24,14+26+35
0,0,0,0,13+24,-12+34,15+23+46
0,0,0,0,-13+24,-12+34,15+23+46
0,0,0,0,12,13,23
0,0,0,0,12,13,14
0,0,0,0,12,13,24
0,0,0,0,12,13,14+23
0,0,0,0,12,34,13+24
0,0,0,0,12,14+23,13+24
0,0,0,0,12,-14+23,13+24
0,0,0,0,14+23,13+24,12+34
0,0,0,0,14+23,-13+24,12+34
0,0,0,0,0,12,16
0,0,0,0,0,12,13+26
0,0,0,0,0,12,16+34
0,0,0,0,0,12,13+26+45
0,0,0,0,0,12,13
0,0,0,0,0,12,34
0,0,0,0,0,12,13+24
0,0,0,0,0,13+24,12+34
0,0,0,0,0,-13+24,12+34
0,0,0,0,0,12,13+45
0,0,0,0,0,13+24,12+35
0,0,0,0,0,0,12
0,0,0,0,0,0,12+34
0,0,0,0,0,0,12+34+56
0,0,0,0,0,0,0
