0,0,0,0,12,34,36
0,0,12,13,23,14,0
0,0,12,13,23,14+25,0
0,0,12,13,23,15+24,0
0,0,12,13,14+23,15+24,0
0,0,0,12,14,15+23,0
0,0,0,12,14-23,15+34,0
0,0,0,12,14,15,0
0,0,0,12,13,25+34,0
0,0,0,12,23,14-35,0
0,0,0,12,13,14+35,0
0,0,0,12,13,14+23,0
0,0,0,12,13,24,0
0,0,0,12,13,23,0
0,0,0,12,14,15+24,0
0,0,0,12,14,15+23+24,0
0,0,0,0,12,14+25,0
0,0,0,0,12,15+34,0
0,0,0,0,13-24,14+23,0
0,0,0,0,12,14+23,0
0,0,0,0,12,13,0
0,0,0,0,12,34,0
0,0,0,0,0,12+34,0
0,0,0,0,0,12,0
0,0,12,13,14+23,-25+34,0
0,0,12,13,14,-25+34,0
0,0,12,13,14,15,0
0,0,12,13,14,15+23,0
0,0,0,12,14,24,0
0,0,0,12,13-24,14+23,0
0,0,0,12,14,13-24,0
0,0,0,12,13+14,24,0
0,0,0,12,13,14,0
0,0,0,0,12,15,0
0,0,0,0,12,23,24
0,0,0,0,12,23,34
0,0,0,0,12+34,23,24
0,0,0,0,12+34,13,24
0,0,0,0,0,12,14+35
0,0,0,0,0,12+34,15+23
0,0,0,0,0,0,12+34+56
0,0,0,0,12-34,13+24,14
0,0,0,0,12-34,13+24,14-23
0,0,12,0,13,24,14
0,0,12,0,13,23,14
0,0,12,0,13+24,23,14
0,0,12,0,0,13+24,15
0,0,12,0,0,13,14+25
0,0,12,0,0,13+24,25
0,0,12,0,0,13+24,14+25
0,0,12,0,0,13+45,24
0,0,12,0,0,13+45,15+24
0,0,12,0,0,13+24,45
0,0,12,0,0,13+14,15+23
0,0,12,0,0,13+24,15+23
0,0,12,0,0,13,23+45
0,0,12,0,0,13+24,23+45
0,0,0,12,13,14,15
0,0,0,12,13,14,35
0,0,0,12,13,14+35,15
0,0,0,12,13,14,25+34
0,0,0,12,13,14+15,25+34
0,0,0,12,13,24,35
0,0,0,12,13,24,14+35
0,0,0,12,13,14+24+35,25+34
0,0,0,12,13,25+34,35
0,0,0,12,13,15+35,25+34
0,0,0,12,13,14+35,25+34
0,0,0,12,13,14+23,15
0,0,0,12,13,14+23,35
0,0,0,12,13,15+24,23
0,0,0,12,13,14+35,15+23
0,0,0,12,13,23,25+34
0,0,0,12,13,14+23,25+34
0,0,0,12,13,14+15+23,25+34
0,0,12,0,0,0,13+24+56
0,0,0,12,13,0,16+25+34
0,0,0,12,13,0,14+26+35
0,0,0,12,23,-13,15+16+26-2*34
0,0,0,0,12,34,15+36
0,0,0,0,12,34,15+24+36
0,0,0,0,12,14+23,16-35
0,0,0,0,12,14+23,16+24-35
0,0,12,0,0,2*13+14+25,15+2*23-24
0,0,0,12,13,14,24+35
0,0,0,12,13,24-35,25+34
0,0,0,12,13,14+24-35,25+34
0,0,0,12,13,23,24+35
0,0,0,12,13,14+23,24+35
0,0,0,12,13,0,16+24+35
0,0,0,0,13+24,14-23,15+26
0,0,0,0,13+24,14-23,15+26+34
0,0,12,13,0,14,15
0,0,12,13,0,25,14
0,0,12,13,0,14+25,15
0,0,12,13,0,14+23+25,15
0,0,12,13,0,23+25,14
0,0,12,13,0,14+23,15
0,0,12,13,0,15+23,14
0,0,12,13,0,23,14+25
0,0,12,13,0,14+23,25
0,0,12,13,0,14+23,23+25
0,0,12,13,0,15+23,14+25
0,0,12,13,23,14,25
0,0,12,13,23,15+24,14
0,0,0,12,14+23,13,15-34
0,0,0,12,14+23,24,15-34
0,0,0,12,14+23,13+24,15-34
0,0,12,13,0,0,14+56
0,0,12,13,0,0,14+23+56
0,0,0,12,14+23,0,15+26-34
0,0,0,12,14+23,0,15-34+36
0,0,0,12,14+23,0,15+24-34+36
0,0,12,0,23,24,16+25+34
0,0,12,0,23,24,25+46
0,0,12,0,23,24,13+25-46
0,0,12,0,23,14,16+25
0,0,12,0,23,14,16+25+26-34
0,0,12,0,23,14,25+46
0,0,12,0,23,14,13+25+46
0,0,12,0,13+24,14,15+23+1/2*26+1/2*34
0,0,12,0,13+24,23,16+25
0,0,12,0,13+24,23,15+26+34
0,0,12,0,13,23+24,15+26
0,0,12,0,13,23+24,16+25+34
0,0,12,13,23,14-25,15+24
0,0,0,12,14+23,13-24,15-34
0,0,12,0,23,24,13+25+46
0,0,12,0,13+24,23,15-26+34
0,0,12,0,13,23+24,15-26
0,0,12,13,14,15,23
0,0,12,13,14,25-34,23
0,0,12,13,14,15,25-34
0,0,12,13,14,15+23,25-34
0,0,12,13,14+23,15+24,23
0,0,12,13,14+23,25-34,23
0,0,12,13,14+23,15+24,25-34
0,0,12,13,14,0,15+26
0,0,12,13,14,0,15+23+26
0,0,12,13,14,0,16+25-34
0,0,12,13,14+23,0,15+24+26
0,0,12,13,14+23,0,16+25-34
0,0,12,13,14,23,15+26
0,0,12,13,14,23,16+24+25-34
0,0,12,13,14,23,15+25+26-34
0,0,12,13,0,14+25,16+35
0,0,12,13,0,14+25,16+25+35
0,0,12,13,0,14+25,26-34
0,0,12,13,0,14+25,15+26-34
0,0,12,13,0,14+23+25,16+24+35
0,0,12,13,0,14+23+25,26-34
0,0,12,13,0,14+23+25,15+26-34
0,0,12,13,23,15+24,16+34
0,0,12,13,23,15+24,16+25+34
0,0,12,13,23,15+24,14+16+25+34
0,0,12,13,23,15+24,14+16+34
0,0,12,13,23,15+24,16+26+34-35
0,0,0,12,14+23,15-34,16-35
0,0,0,12,14+23,15-34,16+23-35
0,0,0,12,14+23,15-34,16+24-35
0,0,12,13,23,15+24,14+16-25+34
0,0,12,13,23,-14-25,16-35
0,0,12,13,23,-14-25,16+25-35
0,0,0,12,14+23,15-34,16-23-35
0,0,12,0,0,23+45,24
0,0,12,13,14,15,16
0,0,12,13,14,15,16+23
0,0,12,13,14,15,16+25-34
0,0,12,13,14,15+23,16+24
0,0,12,13,14,15+23,16+23+24
0,0,12,13,14,15+23,16+24+25-34
0,0,12,13,14+23,15+24,16+23+25
0,0,12,13,14+23,15+24,-16+23-25
0,0,0,12,23,-13,-15+[lambda]*26+[1-lambda]*34
0,0,12,0,13+24,14,15+[lambda]*26+[1-lambda]*34
0,0,12,0,13+24,14,15+[lambda]*23+34+46
0,0,12,0,13,23+24,15+16+25+[lambda]*26+34
0,0,12,13,23,15+24,14+16+[lambda]*25+26+34-35
0,0,12,13,14+23,15+24,16+[lambda]*25+[1-lambda]*34
0,0,0,12,23,-13,[-lambda]*16+[lambda]*25+2*26-2*34
0,0,12,0,13+24,14-23,15+[lambda]*26+[1-lambda]*34
0,0,12,13,23,-14-25,15+16+24+[lambda]*25-35
