0,0,12,13,23,14
0,0,12,13,23,14+25
0,0,12,13,23,15+24
0,0,12,13,14+23,15+24
0,0,0,12,14,15+23
0,0,0,12,14-23,15+34
0,0,0,12,14,15
0,0,0,12,13,25+34
0,0,0,12,23,14-35
0,0,0,12,13,14+35
0,0,0,12,13,14+23
0,0,0,12,13,24
0,0,0,12,13,23
0,0,0,12,14,15+24
0,0,0,12,14,15+23+24
0,0,0,0,12,14+25
0,0,0,0,12,15+34
0,0,0,0,13-24,14+23
0,0,0,0,12,14+23
0,0,0,0,12,13
0,0,0,0,12,34
0,0,0,0,0,12+34
0,0,0,0,0,12
0,0,12,13,14+23,-25+34
0,0,12,13,14,-25+34
0,0,12,13,14,15
0,0,12,13,14,15+23
0,0,0,12,14,24
0,0,0,12,13-24,14+23
0,0,0,12,14,13-24
0,0,0,12,13+14,24
0,0,0,12,13,14
0,0,0,0,12,15
